3 0.3046875 0.21171875 0.06796875 0.096875
3 0.4421875 0.32421875 0.0640625 0.08515625
3 0.61328125 0.246875 0.06171875 0.10078125
3 0.8203125 0.2390625 0.0671875 0.10703125
1 0.16328125 0.1390625 0.18203125 0.203125
1 0.31015625 0.06875 0.11015625 0.1078125
1 0.459375 0.21015625 0.11015625 0.13203125
1 0.62265625 0.10234375 0.13359375 0.1328125
1 0.83984375 0.09296875 0.16328125 0.1703125
5 0.18515625 0.6703125 0.3296875 0.60078125
5 0.45390625 0.6296875 0.19296875 0.51640625
5 0.66640625 0.5078125 0.1953125 0.521875
5 0.8671875 0.58125 0.2125 0.625