2 0.54921875 0.71484375 0.0859375 0.371875
2 0.62890625 0.69921875 0.09765625 0.38828125
2 0.79765625 0.65078125 0.10546875 0.21328125
2 0.71875 0.71015625 0.08984375 0.3453125
1 0.56015625 0.49921875 0.040625 0.04453125
1 0.7890625 0.5015625 0.0375 0.0421875
1 0.64140625 0.46875 0.0375 0.03671875
2 0.46015625 0.3125 0.0953125 0.28203125
1 0.725 0.50078125 0.03984375 0.0390625
1 0.35859375 0.50546875 0.03515625 0.04140625
1 0.45703125 0.48984375 0.0359375 0.0375
2 0.35546875 0.65703125 0.090625 0.21875
1 0.12421875 0.51015625 0.03828125 0.040625
2 0.45703125 0.64609375 0.11875 0.21328125
1 0.5609375 0.11640625 0.0359375 0.04140625
1 0.4734375 0.12578125 0.0375 0.04140625
1 0.26171875 0.553125 0.03984375 0.03515625
1 0.63671875 0.3625 0.03671875 0.0390625
2 0.56171875 0.24453125 0.1 0.18046875
2 0.1140625 0.63515625 0.10390625 0.1671875
1 0.19453125 0.5703125 0.03828125 0.0421875
2 0.18515625 0.70546875 0.0625 0.16171875
2 0.2609375 0.6828125 0.0828125 0.1578125