5 0.16171875 0.56875 0.08984375 0.27109375
1 0.1625 0.3765625 0.07109375 0.0734375
1 0.52109375 0.31328125 0.02734375 0.0421875
1 0.88984375 0.26328125 0.0390625 0.0625
1 0.74921875 0.2546875 0.05625 0.07578125
1 0.4578125 0.31796875 0.03359375 0.04453125
1 0.4296875 0.33671875 0.03515625 0.046875
5 0.7625 0.41875 0.09765625 0.19765625
1 0.40234375 0.334375 0.0234375 0.0421875
5 0.465625 0.45 0.0515625 0.1734375
5 0.4296875 0.453125 0.05546875 0.18203125
1 0.34765625 0.35703125 0.04140625 0.06015625
5 0.9078125 0.3921875 0.08515625 0.15546875
5 0.5078125 0.42890625 0.0359375 0.14453125
1 0.4421875 0.328125 0.05390625 0.0421875
5 0.51171875 0.42890625 0.04609375 0.14453125
5 0.35234375 0.4671875 0.0640625 0.12578125