1 0.61171875 0.278125 0.0375 0.04296875
1 0.365625 0.259375 0.03203125 0.04765625
1 0.10859375 0.45546875 0.04140625 0.05234375
1 0.40625 0.21015625 0.0296875 0.03203125
1 0.5953125 0.4046875 0.0359375 0.06328125
1 0.6796875 0.36953125 0.03984375 0.071875
1 0.81640625 0.66328125 0.03671875 0.0875
1 0.76640625 0.65234375 0.03671875 0.06875
1 0.490625 0.7328125 0.0328125 0.07890625
1 0.08828125 0.521875 0.03984375 0.065625
1 0.3359375 0.38203125 0.0359375 0.0546875
1 0.52265625 0.29296875 0.021875 0.03515625
1 0.5984375 0.3625 0.0359375 0.05390625
1 0.0109375 0.1453125 0.021875 0.02578125