5 0.20546875 0.42578125 0.1296875 0.2578125
5 0.4640625 0.43515625 0.11640625 0.23046875
5 0.625 0.39453125 0.1125 0.2125
5 0.72578125 0.36015625 0.1109375 0.2390625
1 0.45859375 0.25546875 0.05703125 0.07109375
1 0.2109375 0.2171875 0.0625 0.06015625
1 0.721875 0.17890625 0.053125 0.0703125
1 0.390625 0.2796875 0.05 0.05
1 0.6078125 0.2375 0.05 0.0640625
5 0.38671875 0.446875 0.05390625 0.21875
4 0.6875 0.49921875 0.02109375 0.0578125
4 0.35078125 0.42109375 0.0265625 0.06484375
4 0.7640625 0.34375 0.02734375 0.04140625
4 0.5390625 0.5578125 0.0328125 0.08125