1 0.6421875 0.19296875 0.0625 0.096875
1 0.34375 0.228125 0.05 0.078125
1 0.39140625 0.2140625 0.05703125 0.0890625
1 0.72109375 0.2375 0.07890625 0.0828125
1 0.45 0.21875 0.07578125 0.084375
1 0.271875 0.2140625 0.06875 0.096875
1 0.52578125 0.175 0.05703125 0.0640625
1 0.18515625 0.22890625 0.05859375 0.075
1 0.08046875 0.2375 0.02890625 0.03125
1 0.93203125 0.21328125 0.03828125 0.05
1 0.59296875 0.22109375 0.05 0.0578125
1 0.0140625 0.25234375 0.02421875 0.0375
1 0.1234375 0.23515625 0.0203125 0.0296875
1 0.1484375 0.22109375 0.02109375 0.040625
1 0.95625 0.21875 0.02265625 0.03359375