1 0.3546875 0.25859375 0.103125 0.1078125
1 0.80625 0.196875 0.07265625 0.06875
1 0.471875 0.21953125 0.07265625 0.06640625
1 0.1625 0.2828125 0.1125 0.103125
1 0.61328125 0.19140625 0.1 0.08046875
4 0.34140625 0.5515625 0.084375 0.1140625
4 0.53203125 0.4453125 0.0765625 0.07421875
4 0.6046875 0.4265625 0.0671875 0.078125
4 0.875 0.41953125 0.07109375 0.06953125
6 0.2953125 0.77109375 0.06328125 0.25703125
6 0.4671875 0.6671875 0.0734375 0.2015625
6 0.59375 0.61796875 0.06015625 0.2109375
6 0.66796875 0.6265625 0.0984375 0.203125
6 0.74765625 0.565625 0.078125 0.19375
6 0.846875 0.55859375 0.09296875 0.15390625
6 0.90859375 0.5453125 0.0453125 0.17421875