5 0.45859375 0.51171875 0.08203125 0.19765625
5 0.56640625 0.5125 0.07265625 0.17421875
1 0.85078125 0.35546875 0.04140625 0.03515625
1 0.16953125 0.390625 0.05234375 0.04609375
1 0.7890625 0.28046875 0.03515625 0.0375
1 0.28125 0.38203125 0.0421875 0.0421875
1 0.709375 0.27578125 0.0328125 0.0375
1 0.31484375 0.309375 0.0390625 0.03515625
1 0.665625 0.175 0.02578125 0.03203125
1 0.38671875 0.3453125 0.03671875 0.0359375
2 0.35390625 0.60859375 0.11953125 0.2609375
1 0.5484375 0.31796875 0.03359375 0.0328125
1 0.46484375 0.3046875 0.03359375 0.03515625
1 0.628125 0.31328125 0.03046875 0.02890625
2 0.2515625 0.64921875 0.11875 0.2796875
2 0.6625 0.50234375 0.1046875 0.2390625
1 0.34296875 0.4421875 0.0421875 0.03671875
1 0.56484375 0.37421875 0.03984375 0.04375
1 0.74765625 0.334375 0.0421875 0.04296875
1 0.659375 0.36875 0.03203125 0.046875
2 0.7421875 0.48203125 0.084375 0.1828125
4 0.659375 0.36640625 0.03125 0.04296875
4 0.659375 0.38671875 0.03203125 0.06953125
2 0.8421875 0.496875 0.12578125 0.184375
5 0.6765625 0.22734375 0.053125 0.07109375
5 0.390625 0.4640625 0.05546875 0.1390625
5 0.79140625 0.384375 0.05703125 0.1078125
5 0.703125 0.35390625 0.05546875 0.0671875