5 0.6015625 0.584375 0.03125 0.09375
1 0.4703125 0.50703125 0.0203125 0.03203125
5 0.64296875 0.5625 0.03125 0.08125
1 0.43671875 0.5109375 0.01875 0.0390625
5 0.42578125 0.57578125 0.02890625 0.08984375
1 0.52578125 0.4984375 0.0203125 0.0359375
1 0.63671875 0.5046875 0.01796875 0.02421875
5 0.46875 0.57578125 0.0328125 0.09453125
5 0.5203125 0.56484375 0.03203125 0.08828125
5 0.57109375 0.56796875 0.034375 0.08671875
5 0.38359375 0.57734375 0.02578125 0.07421875
1 0.3890625 0.51640625 0.01484375 0.021875
1 0.60078125 0.51953125 0.015625 0.0203125
1 0.56640625 0.49921875 0.01875 0.0265625