5 0.33828125 0.35625 0.06640625 0.1953125
5 0.5328125 0.39609375 0.0703125 0.20546875
5 0.8203125 0.42734375 0.11640625 0.27578125
1 0.2703125 0.45 0.05859375 0.09296875
1 0.80703125 0.25703125 0.06328125 0.08515625
5 0.40546875 0.39375 0.078125 0.21328125
1 0.52890625 0.2546875 0.046875 0.05234375
1 0.421875 0.2453125 0.05 0.0578125
1 0.3265625 0.209375 0.0453125 0.0453125
1 0.01640625 0.23828125 0.0328125 0.0640625
5 0.0140625 0.4109375 0.028125 0.21015625
1 0.140625 0.48359375 0.08359375 0.10546875
5 0.10859375 0.55546875 0.14140625 0.20390625
5 0.23125 0.51328125 0.1140625 0.171875