5 0.3296875 0.390625 0.03984375 0.09921875
1 0.78828125 0.715625 0.0578125 0.0578125
1 0.609375 0.64921875 0.05 0.05
5 0.60234375 0.78125 0.0796875 0.1671875
1 0.28203125 0.325 0.0296875 0.03984375
1 0.26171875 0.30546875 0.025 0.05625
1 0.2171875 0.2734375 0.03046875 0.05234375
1 0.42578125 0.41328125 0.0359375 0.05234375
1 0.45703125 0.59921875 0.03984375 0.04921875
1 0.32890625 0.315625 0.02734375 0.02890625
5 0.4390625 0.7390625 0.08671875 0.18359375
1 0.2671875 0.31484375 0.028125 0.04375
1 0.59921875 0.34375 0.0234375 0.02734375
1 0.40234375 0.484375 0.0328125 0.06015625
1 0.45 0.30234375 0.0203125 0.025
5 0.4546875 0.39296875 0.04296875 0.08515625
5 0.278125 0.42890625 0.06328125 0.1296875
5 0.20703125 0.3453125 0.0515625 0.1
5 0.38828125 0.59140625 0.0609375 0.1390625
5 0.4265625 0.528125 0.03671875 0.13125
4 0.440625 0.75078125 0.02578125 0.0265625
4 0.48515625 0.8203125 0.01484375 0.02890625
5 0.590625 0.403125 0.03125 0.07734375
1 0.18046875 0.2875 0.025 0.02734375
4 0.4125 0.63671875 0.01875 0.02421875
4 0.16796875 0.3546875 0.01953125 0.02421875