5 0.2171875 0.634375 0.0625 0.14375
5 0.546875 0.5359375 0.06875 0.096875
5 0.33359375 0.52421875 0.0515625 0.0859375
5 0.71640625 0.56015625 0.0390625 0.0671875
5 0.62734375 0.53828125 0.0453125 0.0859375
5 0.86640625 0.57890625 0.0546875 0.1015625
5 0.36875 0.5203125 0.078125 0.09375
5 0.490625 0.5203125 0.065625 0.10625
5 0.246875 0.5359375 0.05 0.096875
4 0.8625 0.5953125 0.021875 0.021875
4 0.8171875 0.5390625 0.015625 0.021875
4 0.721875 0.5484375 0.015625 0.021875
4 0.690625 0.53671875 0.0125 0.0234375
4 0.5625 0.54765625 0.015625 0.0203125
4 0.48984375 0.55390625 0.0171875 0.0203125
2 0.87265625 0.5078125 0.0265625 0.0125
2 0.71640625 0.47109375 0.0234375 0.0171875
2 0.6265625 0.48359375 0.021875 0.0109375
2 0.5015625 0.471875 0.021875 0.009375
2 0.378125 0.4546875 0.01875 0.009375
2 0.3265625 0.4578125 0.025 0.009375
2 0.246875 0.48203125 0.021875 0.0109375
