1 0.1703125 0.15 0.0625 0.090625
1 0.47734375 0.228125 0.0484375 0.0875
1 0.3171875 0.2515625 0.046875 0.071875
1 0.534375 0.2609375 0.0375 0.0625
1 0.39921875 0.26640625 0.0328125 0.0515625
1 0.6078125 0.29375 0.040625 0.090625
5 0.159375 0.37890625 0.103125 0.2890625
1 0.7828125 0.39375 0.059375 0.0625
5 0.54296875 0.4 0.0484375 0.1875
5 0.396875 0.40390625 0.0625 0.1921875
5 0.4734375 0.4125 0.09375 0.253125
5 0.5984375 0.4328125 0.08125 0.234375
5 0.315625 0.45390625 0.09375 0.2640625
5 0.76953125 0.5828125 0.1078125 0.26875
2 0.7734375 0.4203125 0.04375 0.04375
4 0.11640625 0.54453125 0.0390625 0.0859375
4 0.21953125 0.5203125 0.0203125 0.065625
4 0.26796875 0.5734375 0.0203125 0.04375
4 0.80234375 0.72109375 0.0265625 0.0515625
