1 0.8296875 0.14921875 0.0625 0.090625
1 0.5234375 0.228125 0.0484375 0.0875
1 0.6828125 0.25078125 0.046875 0.071875
1 0.465625 0.26015625 0.0375 0.0625
1 0.6015625 0.26640625 0.034375 0.0515625
1 0.3921875 0.29375 0.040625 0.090625
5 0.840625 0.378125 0.103125 0.2890625
1 0.2171875 0.39375 0.059375 0.0625
5 0.4578125 0.39921875 0.046875 0.1875
5 0.603125 0.403125 0.0625 0.19375
5 0.5265625 0.4125 0.09375 0.253125
5 0.4015625 0.4328125 0.08125 0.234375
5 0.684375 0.453125 0.09375 0.2640625
5 0.23046875 0.5828125 0.1078125 0.26875
