2 0.153125 0.3359375 0.07265625 0.1328125
2 0.30234375 0.34375 0.06015625 0.11328125
2 0.46015625 0.23046875 0.06328125 0.12421875
2 0.58515625 0.26171875 0.06171875 0.1109375
2 0.8578125 0.31640625 0.0671875 0.1109375
3 0.1546875 0.20703125 0.10234375 0.1125
3 0.30625 0.21328125 0.0796875 0.0875
3 0.4640625 0.08125 0.0828125 0.10546875
3 0.57890625 0.1421875 0.08515625 0.109375
3 0.72265625 0.28828125 0.07421875 0.0890625
3 0.85546875 0.171875 0.0921875 0.12421875
1 0.0859375 0.46953125 0.05546875 0.2078125
3 0.29140625 0.43046875 0.04921875 0.14921875
3 0.85625 0.46640625 0.05859375 0.18359375
4 0.12578125 0.6921875 0.1890625 0.59921875
4 0.3015625 0.61875 0.1390625 0.47421875
4 0.8921875 0.621875 0.19296875 0.5375
4 0.73515625 0.64453125 0.08125 0.43515625