2 0.10390625 0.56953125 0.06875 0.23984375
2 0.1703125 0.846875 0.07421875 0.22265625
2 0.2546875 0.753125 0.0828125 0.2546875
2 0.3796875 0.63359375 0.0796875 0.259375
2 0.46484375 0.821875 0.0875 0.24921875
2 0.5546875 0.8703125 0.08515625 0.23984375
2 0.61953125 0.7703125 0.10078125 0.32265625
2 0.84375 0.3546875 0.13046875 0.4203125
2 0.7578125 0.7578125 0.103125 0.31328125
3 0.1046875 0.29609375 0.096875 0.2296875
3 0.04375 0.52578125 0.06328125 0.17578125
3 0.16640625 0.5390625 0.078125 0.21796875
3 0.384375 0.2984375 0.11015625 0.23984375
3 0.45625 0.47421875 0.10390625 0.27890625
3 0.63046875 0.28828125 0.140625 0.35234375
3 0.53828125 0.49609375 0.10078125 0.40625