2 0.065625 0.37109375 0.05546875 0.0890625
2 0.23671875 0.365625 0.059375 0.128125
2 0.2984375 0.4046875 0.046875 0.09140625
2 0.39296875 0.359375 0.05078125 0.09140625
2 0.42265625 0.40234375 0.0546875 0.078125
2 0.56953125 0.23125 0.06328125 0.12421875
2 0.7328125 0.2828125 0.05546875 0.1078125
2 0.90546875 0.27265625 0.0609375 0.11484375
3 0.059375 0.26875 0.06640625 0.07421875
3 0.221875 0.21328125 0.10859375 0.13046875
3 0.2890625 0.30859375 0.06640625 0.08984375
3 0.38125 0.215625 0.11015625 0.1390625
3 0.5671875 0.115625 0.09296875 0.14296875
3 0.72890625 0.1484375 0.08828125 0.11171875
3 0.8890625 0.1578125 0.08671875 0.1390625
4 0.075 0.58984375 0.12734375 0.35
4 0.21640625 0.678125 0.1484375 0.57265625
4 0.3921875 0.70390625 0.14765625 0.56328125
4 0.73046875 0.571875 0.17734375 0.51953125
4 0.90546875 0.55078125 0.146875 0.409375