2 0.203125 0.25078125 0.05234375 0.1359375
2 0.38828125 0.29453125 0.05546875 0.121875
2 0.65234375 0.3078125 0.05859375 0.11640625
2 0.85390625 0.396875 0.0546875 0.0953125
3 0.15 0.109375 0.15234375 0.16171875
3 0.41640625 0.1890625 0.13046875 0.15859375
3 0.6140625 0.18359375 0.12734375 0.153125
3 0.88828125 0.275 0.15078125 0.14140625
1 0.40703125 0.5625 0.1046875 0.12890625
1 0.659375 0.478125 0.0859375 0.14140625
1 0.87578125 0.77265625 0.103125 0.075
1 0.85546875 0.72265625 0.08671875 0.08125
1 0.21015625 0.60390625 0.06328125 0.11484375
1 0.24921875 0.6375 0.05234375 0.0921875
1 0.74921875 0.59140625 0.05546875 0.096875
4 0.1203125 0.62265625 0.221875 0.66328125
4 0.41796875 0.6125 0.196875 0.5390625
4 0.60703125 0.621875 0.1953125 0.55546875
4 0.87421875 0.68125 0.221875 0.5171875