3 0.7296875 0.3953125 0.0734375 0.07421875
3 0.8765625 0.2625 0.03828125 0.05546875
3 0.69765625 0.15390625 0.03203125 0.04375
3 0.98046875 0.16796875 0.0375 0.04609375
3 0.3328125 0.4546875 0.046875 0.0578125
3 0.16796875 0.5671875 0.06484375 0.08125
4 0.86015625 0.34765625 0.075 0.15703125
3 0.3375 0.5234375 0.05859375 0.06015625
3 0.69453125 0.5328125 0.03828125 0.053125
1 0.80859375 0.38203125 0.0171875 0.05234375
1 0.87734375 0.428125 0.0234375 0.0390625
1 0.38828125 0.73671875 0.02890625 0.04609375
1 0.27890625 0.77578125 0.0359375 0.05703125
1 0.153125 0.7265625 0.03125 0.040625