4 0.83203125 0.52578125 0.12109375 0.22109375
3 0.8328125 0.33671875 0.06015625 0.0859375
4 0.5921875 0.54296875 0.08125 0.2140625
3 0.68671875 0.3421875 0.0546875 0.06953125
3 0.38515625 0.31796875 0.0546875 0.05625
3 0.21484375 0.40703125 0.05234375 0.0546875
3 0.33984375 0.36640625 0.04609375 0.046875
3 0.7328125 0.340625 0.04609375 0.05625
3 0.50625 0.35546875 0.05390625 0.0578125
3 0.60234375 0.38125 0.05 0.0484375
3 0.2796875 0.41640625 0.0625 0.0578125
3 0.44921875 0.3796875 0.0546875 0.05625
4 0.38125 0.496875 0.09765625 0.215625
1 0.2171875 0.48671875 0.0328125 0.0671875
1 0.5546875 0.6484375 0.025 0.0734375
4 0.19765625 0.57578125 0.08984375 0.21953125
4 0.2828125 0.5765625 0.09609375 0.21171875
4 0.73984375 0.5125 0.05390625 0.2140625
4 0.68203125 0.51328125 0.0984375 0.21171875
1 0.90390625 0.58828125 0.0171875 0.06171875
4 0.503125 0.5453125 0.0984375 0.21953125
1 0.47109375 0.61953125 0.03125 0.06015625
1 0.83828125 0.5484375 0.03671875 0.06328125