3 0.6171875 0.54453125 0.08359375 0.0875
3 0.3265625 0.540625 0.06875 0.1046875
3 0.20078125 0.534375 0.06640625 0.08203125
3 0.4453125 0.55625 0.04609375 0.06484375
3 0.2828125 0.565625 0.03125 0.06640625
3 0.93046875 0.5640625 0.05625 0.06484375
3 0.5609375 0.56484375 0.0421875 0.053125
3 0.0515625 0.5765625 0.03984375 0.04609375
3 0.3765625 0.553125 0.0453125 0.06875
3 0.81484375 0.578125 0.05 0.06484375
3 0.75078125 0.54609375 0.0484375 0.05546875
4 0.06015625 0.67265625 0.0578125 0.12734375
4 0.7515625 0.69375 0.07890625 0.2109375
4 0.196875 0.75078125 0.11171875 0.2546875
4 0.03828125 0.7984375 0.0765625 0.39453125
4 0.31796875 0.78671875 0.13515625 0.2953125
4 0.440625 0.6875 0.0734375 0.1671875
4 0.390625 0.70390625 0.06328125 0.19140625
4 0.546875 0.70390625 0.05078125 0.16640625
4 0.91953125 0.703125 0.090625 0.16171875
4 0.8203125 0.728125 0.06171875 0.16640625
4 0.6328125 0.77421875 0.11796875 0.31640625