4 0.240625 0.70234375 0.12421875 0.28828125
4 0.353125 0.6921875 0.11640625 0.2703125
4 0.58359375 0.69375 0.08515625 0.2421875
4 0.65546875 0.6078125 0.0640625 0.14453125
3 0.45 0.45234375 0.04921875 0.0515625
3 0.65078125 0.49453125 0.03671875 0.0375
3 0.6 0.5203125 0.0640625 0.078125
3 0.25390625 0.47109375 0.08125 0.0765625
3 0.36171875 0.5078125 0.05625 0.0640625
3 0.540625 0.50390625 0.0453125 0.053125
3 0.32734375 0.49140625 0.03984375 0.05546875
4 0.528125 0.66796875 0.0390625 0.18515625
3 0.35390625 0.50234375 0.06875 0.06953125
1 0.215625 0.87109375 0.02890625 0.05625
1 0.52265625 0.5671875 0.0296875 0.04765625
4 0.44375 0.61640625 0.08984375 0.20078125
1 0.46171875 0.62421875 0.02578125 0.02890625