4 0.9046875 0.42734375 0.12421875 0.228125
3 0.7921875 0.2421875 0.05234375 0.05390625
3 0.90234375 0.2296875 0.05703125 0.0515625
3 0.609375 0.27578125 0.0546875 0.04140625
3 0.6671875 0.2484375 0.053125 0.0484375
3 0.46796875 0.21796875 0.04453125 0.05234375
3 0.525 0.215625 0.05234375 0.06171875
3 0.8328125 0.22421875 0.05 0.0515625
3 0.71328125 0.209375 0.05 0.05234375
3 0.75390625 0.234375 0.03359375 0.04609375
4 0.7203125 0.39765625 0.09765625 0.21171875
3 0.5671875 0.22265625 0.0421875 0.05
4 0.5453125 0.41171875 0.09921875 0.234375
4 0.8203125 0.39609375 0.05 0.17265625
3 0.5 0.2015625 0.02109375 0.0484375
4 0.453125 0.38359375 0.05078125 0.2015625
3 0.6171875 0.24140625 0.04375 0.0328125