4 0.7640625 0.4640625 0.15 0.33984375
4 0.17734375 0.56015625 0.1046875 0.36796875
3 0.22890625 0.29609375 0.09375 0.11640625
4 0.5296875 0.54375 0.14140625 0.29296875
3 0.73125 0.2109375 0.1015625 0.09765625
3 0.6296875 0.19609375 0.0703125 0.084375
3 0.35546875 0.21640625 0.07109375 0.09375
3 0.4234375 0.25546875 0.06015625 0.07890625
4 0.3203125 0.4359375 0.12109375 0.31484375
3 0.515625 0.31484375 0.07734375 0.0828125
4 0.43203125 0.4203125 0.11171875 0.14453125
4 0.64609375 0.40078125 0.125 0.2265625