3 0.1453125 0.640625 0.11171875 0.1078125
3 0.440625 0.3484375 0.38671875 0.3609375
3 0.63671875 0.70546875 0.03203125 0.0375
3 0.57578125 0.7109375 0.0484375 0.05546875
3 0.82734375 0.67890625 0.05234375 0.06953125
3 0.20078125 0.71953125 0.04765625 0.05703125
3 0.27890625 0.71640625 0.03984375 0.059375
3 0.71328125 0.7078125 0.0265625 0.0375
3 0.9828125 0.690625 0.034375 0.05
3 0.928125 0.69296875 0.03046875 0.04296875
3 0.22734375 0.71484375 0.03203125 0.0484375
3 0.253125 0.7109375 0.02890625 0.040625
3 0.8765625 0.6890625 0.03046875 0.03984375
3 0.75 0.684375 0.040625 0.053125