4 0.184375 0.53046875 0.06015625 0.1859375
4 0.3546875 0.5109375 0.09453125 0.18359375
3 0.51953125 0.38046875 0.05390625 0.06875
3 0.1796875 0.37265625 0.046875 0.04921875
3 0.2734375 0.38046875 0.06015625 0.05859375
3 0.45546875 0.36796875 0.0484375 0.0515625
3 0.3625 0.35703125 0.04375 0.04921875
3 0.59375 0.3640625 0.05546875 0.05390625
4 0.2640625 0.528125 0.09609375 0.190625
4 0.45390625 0.50625 0.06796875 0.17109375
4 0.6140625 0.5265625 0.0890625 0.21796875
4 0.52890625 0.52578125 0.09921875 0.20078125
1 0.203125 0.640625 0.02109375 0.0515625
1 0.40234375 0.6078125 0.01484375 0.04140625
4 0.4546875 0.50859375 0.071875 0.17578125
1 0.47421875 0.6484375 0.028125 0.06015625
1 0.578125 0.64765625 0.02890625 0.0578125