4 0.82734375 0.421875 0.15546875 0.31640625
3 0.8 0.1765625 0.0875 0.09375
3 0.53046875 0.34921875 0.05859375 0.075
3 0.65625 0.28203125 0.06875 0.06328125
3 0.40546875 0.30703125 0.04609375 0.06171875
5 0.54375 0.62578125 0.1234375 0.44375
5 0.6765625 0.6234375 0.159375 0.5375
5 0.4359375 0.55234375 0.11875 0.38828125
5 0.8265625 0.62578125 0.1609375 0.69140625
1 0.9453125 0.65625 0.05546875 0.1
1 0.62578125 0.53203125 0.03984375 0.0671875
1 0.403125 0.53359375 0.0296875 0.04453125
1 0.571875 0.4421875 0.04296875 0.078125
1 0.4890625 0.59609375 0.0203125 0.06015625
1 0.60078125 0.60859375 0.0234375 0.06015625