5 0.565625 0.22109375 0.078125 0.09140625
3 0.44609375 0.1453125 0.03515625 0.05859375
4 0.41484375 0.22421875 0.0484375 0.12890625
3 0.659375 0.25 0.090625 0.0875
3 0.29296875 0.125 0.0515625 0.0625
3 0.571875 0.153125 0.0265625 0.040625
4 0.228125 0.36484375 0.171875 0.209375
3 0.340625 0.31015625 0.046875 0.08515625
4 0.7765625 0.35546875 0.203125 0.21796875
3 0.109375 0.23359375 0.02421875 0.0328125
4 0.4890625 0.190625 0.02109375 0.04375
4 0.053125 0.196875 0.0734375 0.0609375
1 0.4453125 0.31171875 0.015625 0.0390625
3 0.178125 0.14453125 0.01484375 0.02578125
4 0.13671875 0.28828125 0.0578125 0.09296875
4 0.271875 0.2203125 0.07578125 0.12421875
5 0.14375 0.16875 0.03046875 0.04296875
3 0.146875 0.1421875 0.0109375 0.0140625
3 0.21328125 0.14453125 0.0078125 0.01015625
3 0.79609375 0.225 0.028125 0.03984375
4 0.1828125 0.18125 0.02890625 0.05390625
3 0.078125 0.175 0.01875 0.03125
1 0.38203125 0.309375 0.0234375 0.05078125
3 0.46796875 0.15859375 0.00703125 0.009375
1 0.61015625 0.25625 0.01015625 0.02421875
1 0.11171875 0.32734375 0.01328125 0.01875