4 0.61328125 0.3796875 0.1 0.2109375
3 0.71953125 0.20078125 0.06484375 0.06015625
3 0.6046875 0.21796875 0.05625 0.05
4 0.7875 0.4015625 0.1375 0.2625
4 0.71796875 0.37890625 0.11015625 0.228125
3 0.0203125 0.48515625 0.0375 0.03125
0 0.603125 0.6734375 0.05390625 0.12578125
3 0.06328125 0.45078125 0.02734375 0.028125
1 0.65 0.5328125 0.021875 0.04609375
4 0.30078125 0.31484375 0.01953125 0.05703125
0 0.7921875 0.80859375 0.0796875 0.153125
0 0.73984375 0.759375 0.08125 0.1203125
0 0.690625 0.7 0.06640625 0.1234375
0 0.63125 0.69609375 0.04140625 0.115625
0 0.45234375 0.38203125 0.01640625 0.03125
0 0.46328125 0.38359375 0.009375 0.03125
4 0.45703125 0.30078125 0.021875 0.046875
3 0.4546875 0.2609375 0.0125 0.0125
4 0.0453125 0.578125 0.07421875 0.12109375
4 0.0578125 0.50859375 0.04140625 0.07734375