3 0.9578125 0.6078125 0.084375 0.03359375
3 0.47421875 0.61796875 0.0796875 0.0546875
3 0.75546875 0.59296875 0.0578125 0.02421875
4 0.96015625 0.7265625 0.0796875 0.153125
3 0.58125 0.62578125 0.03515625 0.034375
3 0.57109375 0.59375 0.028125 0.01796875
0 0.86796875 0.92734375 0.0921875 0.07578125
4 0.78515625 0.6828125 0.05390625 0.1171875
0 0.77421875 0.853125 0.053125 0.05703125
0 0.409375 0.94921875 0.11328125 0.07734375
0 0.94765625 0.81875 0.03515625 0.025
4 0.54765625 0.709375 0.12421875 0.125