5 0.57734375 0.59609375 0.059375 0.08828125
3 0.36015625 0.4328125 0.02109375 0.03359375
3 0.57421875 0.54375 0.025 0.03359375
5 0.0875 0.49140625 0.0328125 0.10390625
3 0.85 0.75703125 0.02421875 0.0453125
3 0.09765625 0.6203125 0.03515625 0.04140625
3 0.06328125 0.43984375 0.0203125 0.0265625
5 0.34140625 0.49296875 0.03671875 0.109375
3 0.1921875 0.484375 0.02109375 0.025
3 0.90234375 0.68359375 0.0296875 0.0359375
5 0.19921875 0.5421875 0.059375 0.0890625
3 0.0109375 0.43984375 0.0203125 0.01328125
3 0.39609375 0.37890625 0.0203125 0.01640625
3 0.22890625 0.43125 0.01953125 0.03125