3 0.41953125 0.28359375 0.078125 0.07734375
4 0.13203125 0.43046875 0.05703125 0.12734375
4 0.5265625 0.44921875 0.04453125 0.115625
5 0.6515625 0.43671875 0.04453125 0.10859375
4 0.70859375 0.440625 0.04375 0.096875
3 0.51484375 0.359375 0.0328125 0.03359375
3 0.30625 0.26015625 0.08515625 0.084375
3 0.16953125 0.33984375 0.040625 0.0515625
3 0.6921875 0.37578125 0.02734375 0.03359375
3 0.64765625 0.359375 0.03125 0.034375
3 0.37734375 0.3671875 0.02421875 0.03515625
5 0.184375 0.4515625 0.06171875 0.16875
5 0.43828125 0.5375 0.1515625 0.33203125
5 0.2671875 0.51015625 0.18671875 0.328125
3 0.4640625 0.35859375 0.03125 0.0359375
3 0.14453125 0.35703125 0.025 0.0453125
3 0.66796875 0.38203125 0.01953125 0.028125