4 0.4515625 0.3796875 0.096875 0.1359375
3 0.6296875 0.29609375 0.03671875 0.075
3 0.49375 0.30546875 0.03515625 0.06484375
4 0.16171875 0.4046875 0.0796875 0.19765625
3 0.1671875 0.22734375 0.06484375 0.0625
4 0.56875 0.384375 0.078125 0.15703125
4 0.734375 0.3359375 0.03046875 0.08515625
3 0.73671875 0.26640625 0.01484375 0.03203125
3 0.05859375 0.54921875 0.0125 0.03828125
3 0.3703125 0.4859375 0.0109375 0.0296875
3 0.26796875 0.6015625 0.01484375 0.04375
4 0.440625 0.68359375 0.09609375 0.23046875