4 0.7859375 0.44296875 0.07109375 0.19296875
4 0.64765625 0.47734375 0.06640625 0.1734375
4 0.30234375 0.396875 0.12109375 0.2625
3 0.428125 0.09375 0.07734375 0.08359375
3 0.2890625 0.16953125 0.071875 0.075
4 0.41640625 0.38984375 0.07890625 0.30703125
4 0.70390625 0.528125 0.03984375 0.1078125
3 0.77578125 0.29921875 0.040625 0.05234375
4 0.9734375 0.53046875 0.0328125 0.08671875
4 0.51875 0.334375 0.125 0.35078125
3 0.64765625 0.328125 0.03828125 0.03828125
3 0.4953125 0.03828125 0.08203125 0.07265625
3 0.896875 0.46328125 0.021875 0.028125
3 0.7 0.43984375 0.0203125 0.03984375
3 0.9703125 0.4609375 0.01484375 0.0296875
3 0.20859375 0.2421875 0.0609375 0.07265625
4 0.90078125 0.53828125 0.03203125 0.0875
4 0.20625 0.43125 0.04921875 0.15703125