3 0.940625 0.18671875 0.0828125 0.09921875
4 0.4421875 0.45625 0.08671875 0.29375
3 0.20625 0.23828125 0.0484375 0.07265625
4 0.525 0.4390625 0.07890625 0.2421875
3 0.1171875 0.321875 0.04765625 0.07265625
3 0.44375 0.23828125 0.04765625 0.0625
4 0.915625 0.47734375 0.16796875 0.35390625
3 0.034375 0.26640625 0.04765625 0.06640625
3 0.77578125 0.15234375 0.06171875 0.07890625
3 0.28203125 0.29375 0.046875 0.0625
4 0.69921875 0.45625 0.08203125 0.2671875
3 0.60078125 0.2734375 0.05 0.07265625
3 0.51640625 0.23984375 0.0484375 0.0703125
4 0.79296875 0.39921875 0.1 0.3
3 0.7015625 0.22578125 0.05 0.06640625
3 0.35234375 0.21640625 0.0484375 0.06640625
3 0.86875 0.2171875 0.06328125 0.07890625
4 0.20625 0.4484375 0.08125 0.26953125
4 0.28125 0.49140625 0.0625 0.2296875
4 0.03984375 0.49765625 0.078125 0.2921875
3 0.83046875 0.1875 0.04609375 0.08046875
4 0.603125 0.47734375 0.065625 0.23359375
4 0.11796875 0.51953125 0.07890625 0.2484375
4 0.3546875 0.4421875 0.09296875 0.2671875
3 0.834375 0.19453125 0.0578125 0.09140625