4 0.7203125 0.4078125 0.08984375 0.203125
4 0.44453125 0.44375 0.0734375 0.1609375
4 0.56328125 0.43359375 0.07109375 0.14609375
3 0.45 0.3234375 0.03984375 0.0453125
3 0.25078125 0.34453125 0.046875 0.04375
3 0.56640625 0.303125 0.04375 0.04375
3 0.71328125 0.2609375 0.04609375 0.05078125
3 0.17578125 0.3609375 0.0390625 0.0421875
3 0.37421875 0.3734375 0.04296875 0.03203125
4 0.36875 0.49453125 0.059375 0.16328125
3 0.13515625 0.44921875 0.02421875 0.03828125
4 0.36875 0.49375 0.059375 0.16328125
0 0.5921875 0.66171875 0.0375 0.09921875
0 0.55859375 0.6640625 0.025 0.09140625
0 0.4640625 0.6671875 0.03828125 0.08828125
0 0.36875 0.684375 0.0390625 0.07109375
0 0.25703125 0.66953125 0.04609375 0.05078125
4 0.24453125 0.45859375 0.05234375 0.1390625
4 0.1734375 0.47734375 0.06484375 0.125