4 0.32421875 0.67734375 0.0703125 0.13515625
4 0.4546875 0.721875 0.0546875 0.1515625
4 0.5015625 0.65390625 0.06015625 0.1421875
3 0.21953125 0.55078125 0.05703125 0.05078125
3 0.43828125 0.6109375 0.0734375 0.0625
3 0.32890625 0.58828125 0.04140625 0.0578125
4 0.6546875 0.68203125 0.103125 0.15625
3 0.5140625 0.5625 0.03671875 0.0578125
3 0.6796875 0.6015625 0.04296875 0.07734375
4 0.203125 0.690625 0.1 0.1734375
4 0.4828125 0.27265625 0.0265625 0.0578125
4 0.390625 0.72421875 0.0734375 0.16640625
3 0.47890625 0.2328125 0.01484375 0.02890625
1 0.3953125 0.8203125 0.0234375 0.04609375
4 0.4375 0.2703125 0.021875 0.05078125
3 0.425 0.22890625 0.0171875 0.0171875
4 0.415625 0.2703125 0.01953125 0.0453125