3 0.6140625 0.6078125 0.17421875 0.190625
3 0.89609375 0.48515625 0.12890625 0.1234375
3 0.075 0.48984375 0.11171875 0.128125
3 0.65390625 0.4671875 0.09921875 0.12421875
3 0.78125 0.60390625 0.1515625 0.15625
1 0.5328125 0.68203125 0.05546875 0.1
4 0.89921875 0.7546875 0.1453125 0.28671875
5 0.090625 0.68359375 0.171875 0.3109375
3 0.71484375 0.43125 0.084375 0.0921875
4 0.090625 0.684375 0.1703125 0.3078125
4 0.09375 0.68515625 0.16015625 0.3125
4 0.61953125 0.8703125 0.2421875 0.259375
4 0.7875 0.8546875 0.15703125 0.28359375