4 0.24140625 0.565625 0.0953125 0.20625
4 0.76796875 0.54765625 0.09375 0.19453125
4 0.14453125 0.50703125 0.1015625 0.2109375
4 0.5984375 0.575 0.0953125 0.2328125
4 0.3359375 0.575 0.09296875 0.19296875
4 0.525 0.590625 0.08515625 0.21640625
4 0.8703125 0.52578125 0.09296875 0.2046875
4 0.6875 0.56015625 0.0828125 0.184375
3 0.85546875 0.36015625 0.04765625 0.05
4 0.43359375 0.5875 0.090625 0.25
3 0.590625 0.39140625 0.04296875 0.05
3 0.68046875 0.40703125 0.04375 0.0515625
3 0.43828125 0.40625 0.04609375 0.05546875
3 0.52265625 0.43125 0.04765625 0.05546875
3 0.75546875 0.38359375 0.04375 0.0453125
3 0.24921875 0.39296875 0.05078125 0.0515625
3 0.34296875 0.40859375 0.0453125 0.05546875
3 0.1578125 0.33046875 0.05 0.05234375
0 0.42109375 0.86328125 0.05 0.11015625
0 0.446875 0.85703125 0.05078125 0.09921875
0 0.57265625 0.84921875 0.06640625 0.09140625
0 0.60625 0.86171875 0.0421875 0.1015625