3 0.03359375 0.76640625 0.01640625 0.02578125
4 0.03359375 0.81015625 0.0234375 0.06015625
4 0.22890625 0.86953125 0.021875 0.0640625
4 0.42578125 0.8 0.0171875 0.04921875
3 0.09453125 0.26640625 0.00625 0.01015625
4 0.34609375 0.6609375 0.0140625 0.0375
3 0.3484375 0.63359375 0.009375 0.01015625
3 0.48828125 0.73515625 0.009375 0.01796875
4 0.490625 0.75078125 0.0171875 0.03203125
4 0.48125 0.725 0.01484375 0.02265625
3 0.4296875 0.76484375 0.01171875 0.015625
3 0.58515625 0.7078125 0.009375 0.01328125
3 0.53984375 0.65625 0.0078125 0.0140625
3 0.50234375 0.65390625 0.00703125 0.0078125
3 0.578125 0.60625 0.00546875 0.009375
4 0.5859375 0.728125 0.01796875 0.0265625
4 0.53828125 0.678125 0.0140625 0.0328125
1 0.52109375 0.65703125 0.00546875 0.01015625
1 0.51328125 0.68359375 0.00625 0.009375
4 0.4984375 0.67578125 0.015625 0.03046875
1 0.59140625 0.759375 0.0046875 0.009375
4 0.57890625 0.62265625 0.01015625 0.02734375
3 0.4734375 0.3640625 0.00859375 0.0109375
3 0.50234375 0.37890625 0.00625 0.01328125
4 0.09765625 0.2765625 0.0109375 0.015625