3 0.50546875 0.13046875 0.08515625 0.128125
3 0.76015625 0.17578125 0.0984375 0.1390625
3 0.765625 0.0640625 0.1 0.09296875
3 0.1484375 0.1453125 0.08671875 0.1015625
4 0.88671875 0.34765625 0.20625 0.421875
4 0.13984375 0.403125 0.16328125 0.3375
4 0.45703125 0.3671875 0.17578125 0.33125
4 0.759375 0.365625 0.10859375 0.25625
1 0.159375 0.4046875 0.05625 0.075
1 0.45390625 0.303125 0.0375 0.0875
1 0.5703125 0.54375 0.03671875 0.071875
1 0.6640625 0.29453125 0.05234375 0.0875
1 0.23515625 0.53984375 0.03125 0.0609375