5 0.06328125 0.821875 0.06875 0.2171875
5 0.2296875 0.81484375 0.0609375 0.1640625
3 0.5890625 0.68359375 0.0421875 0.0453125
5 0.1625 0.8109375 0.04765625 0.18046875
5 0.58828125 0.8546875 0.0875 0.28046875
3 0.071875 0.6921875 0.034375 0.028125
3 0.225 0.71171875 0.03125 0.02421875
3 0.15078125 0.6875 0.03125 0.028125
5 0.40625 0.7890625 0.0921875 0.240625
3 0.1234375 0.71640625 0.0171875 0.01484375
3 0.40703125 0.69453125 0.03671875 0.03671875
5 0.303125 0.66015625 0.046875 0.1765625
0 0.4265625 0.92890625 0.028125 0.0734375
5 0.28984375 0.81171875 0.04140625 0.17421875
5 0.11484375 0.803125 0.046875 0.1328125
3 0.2828125 0.70078125 0.02109375 0.02109375
1 0.4265625 0.6578125 0.015625 0.02421875
3 0.30546875 0.5515625 0.02109375 0.01953125
3 0.04921875 0.69453125 0.0234375 0.02734375
1 0.55546875 0.85078125 0.01484375 0.02578125
0 0.4078125 0.928125 0.015625 0.0484375