3 0.83046875 0.3140625 0.05 0.05234375
3 0.75234375 0.28515625 0.05 0.0484375
3 0.52421875 0.29609375 0.04765625 0.0453125
3 0.2109375 0.29296875 0.0515625 0.0484375
3 0.1046875 0.31640625 0.05390625 0.0484375
3 0.7 0.35078125 0.0546875 0.0484375
3 0.3 0.328125 0.0484375 0.05234375
3 0.6609375 0.2953125 0.0484375 0.0484375
3 0.9171875 0.28125 0.0515625 0.05078125
3 0.45390625 0.328125 0.04375 0.0453125
3 0.3703125 0.3140625 0.0453125 0.0390625
3 0.5984375 0.328125 0.04375 0.0453125
3 0.61796875 0.359375 0.04765625 0.0453125