4 0.61328125 0.61015625 0.0703125 0.11796875
4 0.50078125 0.60390625 0.05625 0.10859375
3 0.30390625 0.46796875 0.0328125 0.040625
3 0.4984375 0.50859375 0.0359375 0.0390625
3 0.70859375 0.5203125 0.0359375 0.04375
3 0.27109375 0.52890625 0.0359375 0.04296875
4 0.890625 0.6265625 0.07421875 0.134375
3 0.8078125 0.47421875 0.03671875 0.04140625
4 0.89140625 0.60703125 0.071875 0.0984375
4 0.703125 0.62421875 0.065625 0.10859375
4 0.2546875 0.63203125 0.0796875 0.13125
3 0.80625 0.4734375 0.0359375 0.0578125
3 0.19140625 0.5796875 0.04296875 0.0453125
4 0.178125 0.75078125 0.04765625 0.2015625