3 0.47421875 0.0703125 0.08203125 0.08359375
4 0.465625 0.353125 0.13671875 0.35
3 0.9 0.1125 0.04609375 0.05703125
3 0.803125 0.15390625 0.0578125 0.06015625
3 0.128125 0.1375 0.0359375 0.04453125
3 0.6546875 0.16171875 0.03828125 0.04765625
3 0.3328125 0.16484375 0.0296875 0.0421875
3 0.2796875 0.1703125 0.01796875 0.0296875
4 0.81171875 0.31171875 0.08671875 0.221875
3 0.43515625 0.16953125 0.03203125 0.04453125
4 0.66171875 0.2734375 0.065625 0.16015625
4 0.90390625 0.2515625 0.08203125 0.1796875
4 0.3484375 0.2578125 0.059375 0.13359375
4 0.28984375 0.22734375 0.0390625 0.0796875
4 0.221875 0.228125 0.03984375 0.084375
4 0.18984375 0.2078125 0.0265625 0.0625
3 0.3671875 0.14921875 0.02734375 0.03125
3 0.08984375 0.16875 0.0265625 0.0421875
3 0.0703125 0.16328125 0.0203125 0.02578125