4 0.6203125 0.4 0.04140625 0.1640625
4 0.64296875 0.64765625 0.05546875 0.17890625
3 0.7390625 0.24765625 0.03125 0.07734375
3 0.6390625 0.5171875 0.02890625 0.06015625
3 0.8484375 0.38203125 0.0359375 0.08671875
4 0.853125 0.57109375 0.0875 0.25625
4 0.740625 0.3578125 0.053125 0.17421875
1 0.6828125 0.41875 0.0234375 0.04453125
1 0.8046875 0.3765625 0.0265625 0.0265625
2 0.73515625 0.284375 0.0140625 0.03125
2 0.634375 0.31640625 0.01171875 0.03359375
3 0.62578125 0.27578125 0.02890625 0.04140625