4 0.1171875 0.42109375 0.10546875 0.3046875
4 0.6765625 0.415625 0.1203125 0.2796875
4 0.33125 0.39375 0.09296875 0.2953125
4 0.5546875 0.384375 0.0921875 0.2609375
3 0.55546875 0.1703125 0.0515625 0.07890625
3 0.32734375 0.1671875 0.05390625 0.07734375
3 0.62421875 0.18671875 0.0484375 0.0734375
3 0.43125 0.11171875 0.053125 0.0640625
3 0.2578125 0.153125 0.0484375 0.075
3 0.121875 0.17734375 0.05546875 0.075
3 0.3890625 0.1484375 0.053125 0.065625
3 0.46953125 0.18671875 0.05078125 0.06953125
3 0.20234375 0.15234375 0.053125 0.07734375
3 0.6734375 0.20703125 0.04765625 0.07109375
3 0.5171875 0.1625 0.0375 0.05625
4 0.2078125 0.38515625 0.1140625 0.29296875
4 0.25234375 0.384375 0.0734375 0.28984375
4 0.22890625 0.3875 0.1203125 0.29140625
4 0.4765625 0.4125 0.08515625 0.31171875
4 0.490625 0.4109375 0.06171875 0.315625
0 0.62421875 0.7765625 0.03515625 0.16953125