5 0.24921875 0.5640625 0.13671875 0.4921875
3 0.19296875 0.2484375 0.04296875 0.05234375
3 0.23984375 0.27265625 0.03828125 0.06796875
5 0.1703125 0.42734375 0.075 0.22734375
1 0.30859375 0.29296875 0.01484375 0.0359375
5 0.16875 0.559375 0.07421875 0.4953125
1 0.1453125 0.53828125 0.01640625 0.03984375
1 0.1515625 0.46640625 0.01640625 0.02890625
5 0.46875 0.54921875 0.12890625 0.46015625
1 0.4328125 0.5046875 0.01875 0.0359375
1 0.5265625 0.515625 0.0140625 0.04140625
3 0.47421875 0.2796875 0.0390625 0.05546875