4 0.43984375 0.7375 0.1078125 0.25546875
4 0.8359375 0.74609375 0.11875 0.21015625
4 0.2703125 0.75390625 0.128125 0.228125
4 0.5421875 0.68125 0.046875 0.12265625
4 0.13046875 0.740625 0.1125 0.234375
3 0.28046875 0.57734375 0.0640625 0.09765625
3 0.4515625 0.55703125 0.08125 0.06171875
4 0.7515625 0.690625 0.0484375 0.115625
3 0.71171875 0.5796875 0.0546875 0.04921875
4 0.91015625 0.64296875 0.05859375 0.1015625
3 0.5484375 0.5953125 0.03125 0.0515625
3 0.759375 0.6 0.03203125 0.03828125
3 0.14609375 0.56171875 0.065625 0.05625
4 0.65703125 0.78125 0.11484375 0.24453125
3 0.60234375 0.61015625 0.0390625 0.0375
4 0.5859375 0.7125 0.03671875 0.134375
4 0.021875 0.728125 0.04375 0.21328125
3 0.021875 0.55703125 0.04375 0.046875
3 0.76328125 0.55625 0.0234375 0.02578125
3 0.06171875 0.53828125 0.05078125 0.03359375
3 0.91015625 0.56875 0.0296875 0.02890625
3 0.84453125 0.58359375 0.05234375 0.0515625
3 0.328125 0.55625 0.03515625 0.05859375
3 0.090625 0.571875 0.025 0.03125
3 0.0625 0.54609375 0.053125 0.04453125
3 0.65546875 0.5875 0.0671875 0.0828125