4 0.4 0.36328125 0.053125 0.10390625
3 0.27734375 0.3171875 0.02421875 0.025
3 0.85859375 0.25546875 0.0421875 0.03984375
4 0.2734375 0.38828125 0.03359375 0.07578125
4 0.8796875 0.37109375 0.0671875 0.14296875
3 0.41484375 0.28359375 0.02578125 0.02734375
3 0.21796875 0.35390625 0.02265625 0.021875
4 0.2078125 0.40234375 0.0390625 0.06328125
0 0.28046875 0.49375 0.03046875 0.04453125
0 0.253125 0.48671875 0.02265625 0.04609375
0 0.23046875 0.47890625 0.0265625 0.03671875
0 0.21015625 0.47578125 0.01953125 0.0375
0 0.39609375 0.52421875 0.03125 0.05859375
0 0.43984375 0.496875 0.0421875 0.04453125