3 0.84140625 0.58359375 0.07265625 0.065625
3 0.59453125 0.61953125 0.06015625 0.07578125
3 0.7359375 0.57265625 0.07109375 0.07265625
3 0.32109375 0.6140625 0.06171875 0.06328125
3 0.9140625 0.57421875 0.04375 0.0484375
3 0.39140625 0.6359375 0.0328125 0.0390625
3 0.53828125 0.63125 0.02578125 0.03671875
4 0.5953125 0.784375 0.10703125 0.2234375
4 0.034375 0.70859375 0.04375 0.0734375
3 0.0375 0.65 0.02109375 0.01796875
4 0.29921875 0.77421875 0.0859375 0.21328125
4 0.38046875 0.725 0.04375 0.11796875
4 0.5328125 0.72421875 0.05546875 0.11015625
4 0.7375 0.7375 0.115625 0.2265625
4 0.86640625 0.76171875 0.0984375 0.2375
4 0.921875 0.68125 0.075 0.14375
4 0.6609375 0.7484375 0.05625 0.1578125