4 0.77734375 0.29765625 0.0921875 0.1875
4 0.25078125 0.32890625 0.09609375 0.23359375
4 0.93984375 0.26640625 0.0734375 0.13828125
0 0.29453125 0.6328125 0.0703125 0.1171875
4 0.48359375 0.7421875 0.10078125 0.20625
3 0.7671875 0.175 0.06171875 0.05234375
3 0.94609375 0.159375 0.0421875 0.03671875
3 0.4328125 0.6171875 0.04765625 0.04921875
3 0.278125 0.18125 0.07265625 0.07265625
4 0.396875 0.22265625 0.01328125 0.04140625
0 0.76015625 0.49765625 0.059375 0.10859375
0 0.49921875 0.87265625 0.03203125 0.071875
4 0.5984375 0.68359375 0.1203125 0.08359375
3 0.39453125 0.1859375 0.0125 0.0109375
1 0.73203125 0.3875 0.02734375 0.040625