3 0.8921875 0.47578125 0.02109375 0.0296875
3 0.6578125 0.4109375 0.0203125 0.0296875
3 0.959375 0.41171875 0.025 0.028125
3 0.50625 0.4546875 0.0203125 0.03203125
3 0.81484375 0.425 0.02109375 0.028125
3 0.23046875 0.55703125 0.02265625 0.0296875
3 0.29296875 0.4765625 0.0203125 0.0265625
3 0.13515625 0.4359375 0.0203125 0.03203125
3 0.7109375 0.4078125 0.02109375 0.03203125
3 0.43203125 0.25390625 0.01875 0.02421875
3 0.18125 0.4546875 0.0171875 0.02421875
3 0.5640625 0.23046875 0.0203125 0.0265625
3 0.5796875 0.46875 0.01875 0.03359375
3 0.31953125 0.58046875 0.0234375 0.03203125
3 0.3625 0.5859375 0.0234375 0.0359375
3 0.3578125 0.403125 0.01875 0.02421875
4 0.528125 0.50546875 0.04453125 0.06015625
4 0.9 0.54140625 0.03984375 0.08984375
4 0.1328125 0.50859375 0.040625 0.08046875
4 0.3171875 0.6578125 0.0375 0.10078125
4 0.36953125 0.653125 0.03671875 0.08359375
4 0.68984375 0.515625 0.03671875 0.08203125
3 0.6328125 0.57109375 0.02109375 0.03046875
4 0.95234375 0.48125 0.025 0.084375
4 0.3625 0.4640625 0.03203125 0.0703125
4 0.70390625 0.45703125 0.02890625 0.0609375
4 0.284375 0.5515625 0.02890625 0.09140625
4 0.609375 0.61796875 0.0390625 0.07578125