3 0.7390625 0.4578125 0.06015625 0.07734375
3 0.64375 0.43671875 0.03828125 0.04296875
3 0.36953125 0.45625 0.0296875 0.0453125
3 0.29921875 0.45625 0.04453125 0.0515625
3 0.1296875 0.43203125 0.0484375 0.07109375
4 0.09921875 0.5296875 0.10859375 0.15
4 0.240625 0.55 0.103125 0.159375
4 0.66015625 0.5328125 0.05234375 0.1078125
4 0.7875 0.56640625 0.075 0.18046875
4 0.39765625 0.51796875 0.0203125 0.04375
3 0.40078125 0.478125 0.01640625 0.0140625
3 0.42890625 0.4984375 0.01484375 0.01796875
4 0.41953125 0.5296875 0.01796875 0.0390625