3 0.6515625 0.49453125 0.04765625 0.046875
3 0.3640625 0.48203125 0.05 0.046875
3 0.84296875 0.4765625 0.053125 0.05078125
3 0.2296875 0.49609375 0.053125 0.046875
3 0.575 0.52578125 0.03984375 0.040625
3 0.30078125 0.5265625 0.040625 0.0421875
3 0.090625 0.48828125 0.05546875 0.0484375
3 0.50546875 0.48984375 0.05 0.0453125
3 0.7109375 0.52578125 0.03984375 0.0421875
3 0.778125 0.55 0.0375 0.03828125
3 0.934375 0.48984375 0.04765625 0.0390625
3 0.4375 0.5265625 0.04296875 0.03671875
3 0.190625 0.54453125 0.0359375 0.03828125
3 0.55390625 0.56328125 0.015625 0.03359375
0 0.5296875 0.9453125 0.040625 0.09453125
0 0.48515625 0.94921875 0.03125 0.0921875
0 0.6359375 0.94921875 0.028125 0.1015625
0 0.6859375 0.94765625 0.0453125 0.1046875
0 0.6046875 0.92734375 0.03828125 0.096875
0 0.5515625 0.9296875 0.0265625 0.09453125
0 0.45546875 0.9375 0.03359375 0.096875
0 0.41953125 0.9375 0.0328125 0.1
0 0.8328125 0.93671875 0.03125 0.12578125
0 0.8984375 0.9421875 0.06484375 0.11484375
0 0.9375 0.9234375 0.03359375 0.10546875
0 0.975 0.91953125 0.05 0.1125