4 0.190625 0.5109375 0.175 0.30234375
4 0.6 0.46875 0.125 0.23359375
4 0.80390625 0.50859375 0.146875 0.2625
4 0.46328125 0.4796875 0.1265625 0.22890625
4 0.34296875 0.4953125 0.11640625 0.2421875
3 0.80546875 0.29296875 0.08203125 0.06640625
3 0.22578125 0.271875 0.08515625 0.07109375
3 0.36953125 0.3046875 0.071875 0.06640625
3 0.45390625 0.29921875 0.06796875 0.0625
3 0.58203125 0.27890625 0.06484375 0.06640625
1 0.6609375 0.61015625 0.03515625 0.0640625
1 0.10078125 0.66796875 0.0453125 0.078125
1 0.8390625 0.66640625 0.04296875 0.0625
1 0.27890625 0.6765625 0.03359375 0.0796875
1 0.53359375 0.621875 0.028125 0.0578125
1 0.725 0.64765625 0.025 0.06796875