4 0.71953125 0.57734375 0.11015625 0.21171875
4 0.3953125 0.565625 0.10859375 0.21796875
4 0.29140625 0.5859375 0.10703125 0.2203125
4 0.19140625 0.60234375 0.10859375 0.23984375
3 0.39921875 0.3859375 0.05703125 0.05703125
3 0.80078125 0.40859375 0.053125 0.05703125
4 0.609375 0.5859375 0.103125 0.21171875
3 0.71484375 0.40625 0.05859375 0.05
3 0.646875 0.3875 0.0515625 0.0546875
3 0.18828125 0.4171875 0.06171875 0.05703125
3 0.25703125 0.34453125 0.053125 0.05234375
3 0.52734375 0.35703125 0.053125 0.04765625
3 0.3640625 0.3390625 0.05 0.05
3 0.5984375 0.425 0.0515625 0.04765625
3 0.5 0.4140625 0.0515625 0.0546875
3 0.29140625 0.40703125 0.06171875 0.05234375