3 0.19921875 0.3625 0.06875 0.09453125
3 0.3375 0.44765625 0.065625 0.071875
3 0.50625 0.409375 0.059375 0.07578125
3 0.64140625 0.4125 0.06484375 0.08125
3 0.77265625 0.35703125 0.075 0.0921875
1 0.2046875 0.2703125 0.09375 0.084375
1 0.33046875 0.3546875 0.08984375 0.08125
1 0.51015625 0.31796875 0.0796875 0.0671875
1 0.65 0.309375 0.09375 0.0921875
1 0.77109375 0.25390625 0.11484375 0.10390625
5 0.33203125 0.6640625 0.13359375 0.3703125
5 0.509375 0.59453125 0.16953125 0.3625
5 0.6625 0.640625 0.1515625 0.38359375