5 0.140625 0.51953125 0.10625 0.30625
5 0.81328125 0.375 0.06796875 0.16875
1 0.13203125 0.2671875 0.08828125 0.07578125
5 0.23046875 0.55546875 0.07421875 0.1390625
5 0.525 0.47578125 0.05234375 0.146875
6 0.17109375 0.87734375 0.08046875 0.14453125
1 0.390625 0.3734375 0.0453125 0.0640625
1 0.8 0.2515625 0.04140625 0.04375
1 0.3015625 0.39921875 0.0484375 0.05859375
1 0.53046875 0.3640625 0.0375 0.046875
1 0.6515625 0.36015625 0.0234375 0.034375
1 0.56953125 0.35078125 0.025 0.034375
1 0.59765625 0.34453125 0.0234375 0.03671875
5 0.38828125 0.5171875 0.0703125 0.171875
1 0.478125 0.36796875 0.0328125 0.04921875
5 0.4734375 0.4765625 0.05078125 0.14453125
1 0.440625 0.37109375 0.0375 0.05390625
5 0.56640625 0.4421875 0.03203125 0.11015625
5 0.5984375 0.415625 0.03046875 0.078125
6 0.49609375 0.66875 0.0484375 0.103125
5 0.434375 0.48671875 0.0375 0.14453125
6 0.525 0.628125 0.034375 0.090625
5 0.31328125 0.54609375 0.07734375 0.19921875
6 0.41328125 0.721875 0.02734375 0.0921875
5 0.6421875 0.42421875 0.04453125 0.06875
6 0.365625 0.765625 0.03984375 0.12265625
6 0.38984375 0.74765625 0.03359375 0.10234375
6 0.45546875 0.7109375 0.04609375 0.1109375
6 0.67421875 0.5390625 0.02421875 0.0640625
6 0.64921875 0.54375 0.01875 0.06640625
6 0.63359375 0.55234375 0.02578125 0.06953125
6 0.56484375 0.6015625 0.021875 0.065625
1 0.028125 0.38203125 0.021875 0.0265625
1 0.225 0.4234375 0.04609375 0.08515625
6 0.796875 0.62890625 0.034375 0.0828125
6 0.82421875 0.646875 0.015625 0.09609375
6 0.5765625 0.59375 0.0171875 0.06875