5 0.5 0.4078125 0.09453125 0.196875
1 0.915625 0.31875 0.07109375 0.07109375
1 0.503125 0.2546875 0.05859375 0.0515625
1 0.40703125 0.23125 0.05625 0.0671875
1 0.746875 0.27578125 0.040625 0.0546875
1 0.9796875 0.25 0.03984375 0.0609375
1 0.29375 0.21171875 0.05859375 0.0890625
5 0.42109375 0.49453125 0.10546875 0.19375
5 0.3515625 0.30859375 0.10703125 0.1734375
1 0.42578125 0.33671875 0.06015625 0.07109375
5 0.73984375 0.4484375 0.0546875 0.18828125
4 0.48984375 0.49921875 0.03359375 0.0671875