2 0.68515625 0.684375 0.115625 0.24765625
1 0.65 0.54375 0.0296875 0.02734375
5 0.56328125 0.62265625 0.05546875 0.09375
1 0.56875 0.5390625 0.0328125 0.025
1 0.48359375 0.56875 0.03828125 0.03046875
1 0.40859375 0.55 0.03125 0.03203125
1 0.33046875 0.5421875 0.034375 0.03671875
1 0.275 0.53984375 0.0328125 0.02421875
5 0.265625 0.625 0.05078125 0.1
5 0.3203125 0.6296875 0.0546875 0.11875
5 0.396875 0.646875 0.0578125 0.11796875
5 0.4515625 0.65 0.05 0.10234375
5 0.47578125 0.67109375 0.0625 0.1265625
1 0.45390625 0.56640625 0.0265625 0.0234375
1 0.490625 0.5453125 0.028125 0.01796875
6 0.24375 0.79453125 0.03125 0.04609375
6 0.26953125 0.7859375 0.034375 0.0390625