4 0.23828125 0.48125 0.03125 0.0390625
4 0.30078125 0.45625 0.02578125 0.03828125
4 0.3546875 0.425 0.028125 0.05390625
4 0.4140625 0.41015625 0.02109375 0.0484375
4 0.52578125 0.421875 0.02734375 0.0390625
4 0.6125 0.3984375 0.0234375 0.05546875
4 0.7078125 0.4296875 0.03359375 0.05859375
4 0.88515625 0.46484375 0.0390625 0.075
2 0.896875 0.4515625 0.128125 0.59765625
1 0.928125 0.07734375 0.078125 0.084375
1 0.15234375 0.11796875 0.08125 0.08046875
1 0.2609375 0.18671875 0.053125 0.06171875
1 0.39765625 0.1671875 0.04765625 0.046875
1 0.4640625 0.17890625 0.05078125 0.078125
1 0.67421875 0.12578125 0.053125 0.05390625
5 0.671875 0.29375 0.1046875 0.1921875
5 0.471875 0.3125 0.090625 0.203125
5 0.3875 0.30234375 0.07265625 0.15703125
2 0.17421875 0.325 0.2453125 0.3171875