5 0.66875 0.39765625 0.2375 0.25625
1 0.30859375 0.27109375 0.12890625 0.065625
1 0.6671875 0.2 0.1046875 0.06015625
1 0.46875 0.29765625 0.04140625 0.02421875
2 0.24609375 0.50859375 0.4921875 0.29765625
1 0.38203125 0.33515625 0.0609375 0.03046875
1 0.1515625 0.2953125 0.03828125 0.01875
5 0.8296875 0.3796875 0.06171875 0.08125
1 0.23125 0.3015625 0.053125 0.03359375
5 0.15390625 0.35390625 0.0796875 0.05859375
5 0.47265625 0.36171875 0.07734375 0.0703125
1 0.81875 0.3109375 0.03671875 0.0203125
5 0.0296875 0.5109375 0.059375 0.08984375