5 0.13203125 0.45 0.14453125 0.27734375
5 0.27578125 0.43046875 0.15234375 0.3
5 0.740625 0.39765625 0.11015625 0.3125
5 0.84921875 0.38203125 0.10859375 0.31015625
1 0.56796875 0.6359375 0.0671875 0.1296875
1 0.6453125 0.66171875 0.06328125 0.1296875
1 0.26953125 0.1859375 0.07578125 0.0765625
1 0.15 0.24296875 0.08046875 0.06875
1 0.809375 0.1640625 0.08671875 0.0921875
1 0.75078125 0.159375 0.0546875 0.07890625
5 0.48515625 0.70546875 0.20546875 0.20625
5 0.75234375 0.68125 0.15078125 0.15703125