5 0.4953125 0.43203125 0.10625 0.2109375
5 0.37421875 0.43671875 0.1 0.2296875
5 0.1203125 0.3953125 0.09765625 0.2265625
5 0.2203125 0.459375 0.103125 0.23828125
5 0.6078125 0.4984375 0.1015625 0.22734375
5 0.83125 0.44765625 0.13515625 0.22890625
1 0.8203125 0.25234375 0.07578125 0.07265625
1 0.375 0.2421875 0.05625 0.0578125
1 0.1328125 0.1984375 0.0609375 0.0609375
1 0.725 0.2375 0.05546875 0.0578125
1 0.3046875 0.2140625 0.05234375 0.0515625
1 0.4890625 0.2484375 0.05703125 0.06484375
1 0.59921875 0.30234375 0.05703125 0.05625
1 0.2125 0.2515625 0.07109375 0.0671875
5 0.2921875 0.4 0.06171875 0.21015625
5 0.7125 0.41640625 0.115625 0.20625