5 0.1546875 0.35234375 0.0828125 0.1625
5 0.59296875 0.44921875 0.11796875 0.2125
5 0.384375 0.28203125 0.08671875 0.14296875
5 0.828125 0.4484375 0.11640625 0.21796875
1 0.44453125 0.19609375 0.04375 0.0625
1 0.59765625 0.278125 0.05390625 0.05234375
1 0.8015625 0.2828125 0.06171875 0.0640625
1 0.15078125 0.26953125 0.040625 0.06484375
1 0.8515625 0.25625 0.059375 0.05546875
5 0.7296875 0.40546875 0.12109375 0.184375
5 0.88359375 0.40234375 0.08046875 0.19765625
1 0.7515625 0.26640625 0.046875 0.04453125