1 0.4828125 0.27890625 0.1421875 0.21640625
1 0.6296875 0.11953125 0.14921875 0.1859375
1 0.290625 0.1734375 0.140625 0.16953125
4 0.034375 0.15625 0.0671875 0.09453125
1 0.1625 0.07890625 0.10703125 0.14375
5 0.446875 0.72890625 0.25859375 0.51875
4 0.853125 0.25703125 0.05234375 0.12890625
1 0.96640625 0.2109375 0.0671875 0.20625
1 0.9296875 0.23359375 0.09765625 0.14609375
4 0.57265625 0.86328125 0.02265625 0.11953125
5 0.68125 0.628125 0.28671875 0.6296875
5 0.1375 0.5375 0.275 0.63359375
5 0.9375 0.73203125 0.125 0.5359375