5 0.15703125 0.52109375 0.11484375 0.23125
5 0.865625 0.27109375 0.04921875 0.11484375
5 0.1609375 0.22109375 0.0375 0.090625
1 0.16640625 0.33046875 0.0625 0.06015625
1 0.653125 0.16796875 0.028125 0.02578125
5 0.65859375 0.24765625 0.0484375 0.10390625
1 0.15859375 0.14921875 0.0234375 0.02265625
1 0.88359375 0.18359375 0.03359375 0.03046875
1 0.434375 0.07890625 0.02578125 0.025
5 0.81171875 0.19453125 0.03125 0.075
1 0.8078125 0.134375 0.021875 0.02421875
1 0.47578125 0.19296875 0.01875 0.034375
5 0.4125 0.14921875 0.0421875 0.1046875
6 0.2140625 0.84765625 0.07265625 0.1140625
5 0.5171875 0.25625 0.03203125 0.07265625
6 0.1546875 0.8453125 0.040625 0.115625
6 0.859375 0.42734375 0.015625 0.05859375
6 0.8890625 0.43046875 0.03671875 0.05859375
6 0.43828125 0.365625 0.015625 0.05546875
6 0.42578125 0.36171875 0.0125 0.0515625
6 0.5125 0.3671875 0.0140625 0.0453125
1 0.2484375 0.1890625 0.01171875 0.009375
5 0.24765625 0.2140625 0.01875 0.0171875
1 0.4390625 0.1515625 0.0125 0.01875
4 0.61171875 0.275 0.01640625 0.01875
5 0.428125 0.22890625 0.03671875 0.0875