5 0.36328125 0.4734375 0.0921875 0.2484375
5 0.9265625 0.5140625 0.1359375 0.33515625
1 0.87421875 0.2234375 0.05625 0.06875
1 0.9234375 0.23828125 0.0671875 0.1015625
1 0.79765625 0.2515625 0.0703125 0.09140625
1 0.18046875 0.21171875 0.0734375 0.08125
1 0.62109375 0.2296875 0.06015625 0.10390625
1 0.54453125 0.26015625 0.0484375 0.05859375
1 0.3109375 0.2046875 0.05390625 0.06875
1 0.40859375 0.22578125 0.04375 0.0609375
5 0.80234375 0.5046875 0.1203125 0.30234375
1 0.3546875 0.17421875 0.04140625 0.05546875
1 0.46875 0.190625 0.04375 0.05546875
1 0.4828125 0.26015625 0.04609375 0.065625
5 0.1703125 0.43046875 0.1125 0.24140625
1 0.70625 0.25625 0.05859375 0.07109375
1 0.6984375 0.5859375 0.0703125 0.09375
1 0.74921875 0.2578125 0.04140625 0.0609375
1 0.61875 0.546875 0.06015625 0.0859375
1 0.36171875 0.278125 0.0484375 0.0609375
5 0.5484375 0.45078125 0.08359375 0.22578125
5 0.465625 0.4671875 0.103125 0.25390625
5 0.3953125 0.75390625 0.10859375 0.23125
5 0.50859375 0.70546875 0.08125 0.1625
5 0.6265625 0.7453125 0.11015625 0.2109375
5 0.63515625 0.44296875 0.1015625 0.2640625
1 0.58359375 0.22578125 0.0359375 0.065625
5 0.28125 0.4453125 0.0765625 0.19765625
1 0.69453125 0.2015625 0.03984375 0.05078125
1 0.55703125 0.21875 0.0296875 0.0359375
1 0.28046875 0.6578125 0.06015625 0.13671875
5 0.71640625 0.4515625 0.0765625 0.178125
5 0.73125 0.8484375 0.109375 0.303125