2 0.74140625 0.21328125 0.0265625 0.0421875
2 0.4515625 0.22890625 0.025 0.0484375
2 0.625 0.24609375 0.028125 0.0453125
2 0.38515625 0.25546875 0.0265625 0.0453125
2 0.5609375 0.275 0.028125 0.046875
2 0.4953125 0.2890625 0.021875 0.03125
3 0.44921875 0.334375 0.0546875 0.128125
3 0.7453125 0.34296875 0.0625 0.1578125
3 0.63046875 0.34921875 0.0390625 0.1296875
3 0.56484375 0.3578125 0.0484375 0.115625
3 0.49921875 0.375 0.0421875 0.115625
3 0.3875 0.37578125 0.059375 0.1546875
0 0.7421875 0.23359375 0.025 0.0203125