2 0.15 0.1203125 0.08125 0.078125
2 0.2625 0.1875 0.046875 0.05
2 0.39921875 0.16484375 0.0484375 0.0484375
2 0.46484375 0.178125 0.0515625 0.071875
2 0.875 0.19375 0.04375 0.04375
2 0.9296875 0.08359375 0.08125 0.0765625
3 0.1796875 0.32578125 0.253125 0.3015625
3 0.265625 0.36953125 0.0625 0.1140625
3 0.39140625 0.30390625 0.0765625 0.1546875
3 0.4734375 0.309375 0.090625 0.190625
3 0.67109375 0.290625 0.1015625 0.190625
3 0.9046875 0.3375 0.11875 0.325
2 0.67109375 0.13125 0.0828125 0.053125
0 0.1578125 0.153125 0.053125 0.028125
0 0.26015625 0.22265625 0.0390625 0.0234375
0 0.39765625 0.190625 0.0390625 0.01875
0 0.9171875 0.128125 0.065625 0.025
0 0.8703125 0.2265625 0.034375 0.021875
0 0.66484375 0.15390625 0.0421875 0.0171875
1 0.8859375 0.4734375 0.034375 0.05
1 0.709375 0.4265625 0.028125 0.053125
1 0.6125 0.39765625 0.021875 0.0515625
1 0.52578125 0.41953125 0.0234375 0.0359375
1 0.41640625 0.41015625 0.0234375 0.0453125
1 0.35625 0.421875 0.021875 0.046875
1 0.30234375 0.45703125 0.0234375 0.0390625
1 0.240625 0.48046875 0.03125 0.0421875
1 0.06015625 0.48671875 0.0296875 0.0546875