3 0.30546875 0.34375 0.0703125 0.20234375
1 0.3875 0.43203125 0.02109375 0.0609375
1 0.26328125 0.47109375 0.021875 0.04453125
2 0.3109375 0.16015625 0.05703125 0.05546875
3 0.70078125 0.05390625 0.0265625 0.07578125
3 0.6390625 0.053125 0.02578125 0.0734375
3 0.596875 0.08515625 0.02578125 0.078125
3 0.496875 0.0953125 0.02890625 0.071875
3 0.53828125 0.09765625 0.0296875 0.08125
2 0.6015625 0.01015625 0.0203125 0.01953125
2 0.55 0.0265625 0.02421875 0.03046875
2 0.50390625 0.0140625 0.02109375 0.01640625