5 0.09765625 0.6875 0.078125 0.1421875
5 0.74765625 0.82109375 0.07421875 0.140625
5 0.6703125 0.67265625 0.065625 0.184375
5 0.57890625 0.59921875 0.06015625 0.09375
5 0.4765625 0.5265625 0.07265625 0.17578125
5 0.47109375 0.2234375 0.0546875 0.06015625
4 0.1171875 0.61640625 0.053125 0.05
4 0.478125 0.18359375 0.0375 0.04453125
4 0.44296875 0.4125 0.06953125 0.07265625
4 0.58046875 0.5328125 0.0640625 0.05703125
4 0.653125 0.5765625 0.05703125 0.0515625
4 0.71484375 0.73125 0.05859375 0.0640625
5 0.6296875 0.57265625 0.03359375 0.115625
5 0.69375 0.57265625 0.04453125 0.1296875
4 0.6265625 0.5 0.05703125 0.0546875
4 0.69140625 0.48671875 0.05859375 0.04609375